{
  "dataset": "qingy2024/Dolci-Think-SFT-ctx8k",
  "split": "val_balanced",
  "text_field": "messages",
  "examples_processed": 184,
  "tokens_processed": 502001,
  "assistant_only": true,
  "completion_only": false,
  "assistant_mask_used_examples": 184,
  "assistant_mask_missing_examples": 0,
  "used_temp_head": true,
  "min_p_ratio_for_t_oracle": 0.05,
  "auroc_entropy": 0.8687922989229216,
  "auroc_neg_pmax": 0.8671779352758534,
  "auroc_t_oracle": 0.9904455603148877,
  "auroc_t_pred": 0.8267248978824582,
  "t_pred_vs_t_oracle_mae": 0.43516374066038727,
  "t_pred_vs_t_oracle_rmse": 0.6746999214057104,
  "t_pred_vs_t_oracle_pearson_r": 0.36022906838217095,
  "t_pred_vs_t_oracle_r2": -0.03880851932871465,
  "confidence_threshold": 0.8,
  "confidence_threshold_mode": "threshold=0.8",
  "confident_token_count": 324513,
  "confident_incorrect_count": 33878,
  "confident_incorrect_rate": 0.10439643404116322,
  "auroc_entropy_confident": 0.8549405857428571,
  "auroc_neg_pmax_confident": 0.8522841694880172,
  "auroc_t_oracle_confident": 1.0,
  "auroc_t_pred_confident": 0.8363450707076762,
  "t_pred_vs_t_oracle_mae_confident": 0.3134786945310353,
  "t_pred_vs_t_oracle_rmse_confident": 0.5940446286338803,
  "t_pred_vs_t_oracle_pearson_r_confident": 0.3348533071926123,
  "t_pred_vs_t_oracle_r2_confident": -0.004894323727341332
}
